1 -1930.09463363
2 -1908.56076195
3 -1896.6887677
4 -1860.48249973
5 -1853.25667776
6 -1833.48667963
7 -1820.06695267
8 -1814.37912692
9 -1804.54980214
10 -1785.15036977
11 -1767.34688281
12 -1758.63649929
13 -1744.64834999
14 -1730.87643118
15 -1715.14800181
16 -1695.67677763
17 -1663.40261913
18 -1633.69468416
19 -1612.3630938
20 -1599.48422751
21 -1587.78476027
22 -1580.62739294
23 -1570.6937682
24 -1559.13976334
25 -1555.20428036
26 -1539.45882901
27 -1532.10518542
28 -1526.97072373
29 -1518.56141182
30 -1512.74348716
31 -1498.36753132
32 -1486.68095597
33 -1479.70405686
34 -1461.01587467
35 -1447.34921385
36 -1437.2066814
37 -1429.55965094
38 -1419.69791718
39 -1413.11988343
40 -1406.67072937
41 -1399.29873675
42 -1390.76825921
43 -1383.26488004
44 -1375.71398755
45 -1366.49136747
46 -1361.90234046
47 -1353.51129654
48 -1348.6690611
49 -1340.62292121
50 -1330.56405598
51 -1322.01128341
52 -1319.25860127
53 -1315.55339481
54 -1307.48667965
55 -1304.68815268
56 -1302.78336063
57 -1295.78211701
58 -1287.6882976
59 -1283.85775948
60 -1279.41695295
61 -1272.89303432
62 -1267.38608312
63 -1264.74208761
64 -1261.89248073
65 -1257.00251562
66 -1255.64008871
67 -1254.24219495
68 -1251.74312985
69 -1248.87204212
70 -1246.68040605
71 -1245.55588224
72 -1236.41228315
73 -1233.85538411
74 -1231.95816009
75 -1230.42625036
76 -1226.77418373
77 -1224.59403571
78 -1223.48547993
79 -1218.23093799
80 -1214.70113146
81 -1205.82932154
82 -1201.73833449
83 -1199.7545332
84 -1196.96820752
85 -1192.65565988
86 -1188.09875857
87 -1183.0425238
88 -1177.34936509
89 -1170.75187728
90 -1166.03565871
91 -1164.80474716
92 -1164.32078114
93 -1160.22518483
94 -1156.37693024
95 -1155.34815126
96 -1152.60066249
97 -1150.34644795
98 -1148.29320941
99 -1147.11768632
100 -1143.98163321
101 -1143.3801802
102 -1142.15721015
103 -1139.67853855
104 -1136.50248784
105 -1135.53803156
106 -1133.41355493
107 -1132.77289416
108 -1131.69261589
109 -1131.09126846
110 -1127.73612864
111 -1126.63302102
112 -1125.11925372
113 -1124.54784224
114 -1124.0904943
115 -1124.04444175
116 -1120.20559009
117 -1118.91369894
118 -1117.36246029
119 -1116.93070173
120 -1116.5863622
121 -1114.0286464
122 -1112.38733898
123 -1110.82820241
124 -1109.58666648
125 -1107.39270216
126 -1107.12180907
127 -1106.35178714
128 -1103.33458726
129 -1101.76961158
130 -1101.75264567
131 -1100.12315838
132 -1099.70003875
133 -1099.68158295
134 -1099.43304179
135 -1098.73746164
136 -1096.39541047
137 -1096.37929741
138 -1096.11115304
139 -1095.65956313
140 -1094.97641267
141 -1094.14654824
142 -1094.05394753
143 -1093.43055077
144 -1093.24419269
145 -1091.82795871
146 -1091.23159376
147 -1091.04238499
148 -1090.73439847
149 -1089.58284434
150 -1089.56998447
151 -1089.54570714
152 -1088.39749722
153 -1088.3655158
154 -1088.35462341
155 -1088.17431529
156 -1087.51597403
157 -1087.31239565
158 -1087.04307802
159 -1086.86147613
160 -1086.52146108
161 -1085.88924966
162 -1085.84363087
163 -1085.65825279
164 -1085.63889205
165 -1085.49956691
166 -1085.43312479
167 -1084.915103
168 -1084.90125906
169 -1084.90125906
170 -1084.88844516
171 -1084.88129293
172 -1084.85246928
173 -1084.78308312
174 -1084.29664458
175 -1084.29637302
176 -1084.29182131
177 -1084.26833952
178 -1084.26833952
179 -1084.2677243
180 -1083.9441885
181 -1083.92506116
182 -1083.85626342
183 -1083.85591747
184 -1083.80208149
185 -1083.79124016
186 -1083.7901377
187 -1083.78967773
188 -1083.71174037
189 -1083.58245221
190 -1083.58233839
191 -1083.47373748
192 -1083.47348655
193 -1083.4183203
194 -1083.34889723
195 -1083.34555409
196 -1083.34555409
197 -1083.3170702
198 -1083.31579826
199 -1083.31511536
200 -1083.2919926
201 -1083.29161751
