1 -48.6691715957
2 -47.8330751346
3 -47.3161864457
4 -46.49223798
5 -45.7980457924
6 -45.4275571783
7 -45.1903556006
8 -44.6735618431
9 -44.0608517043
10 -43.7783735139
11 -43.4020972745
12 -42.9794875501
13 -42.3562922086
14 -41.8458792208
15 -41.6465944275
16 -40.9795377777
17 -40.6991466673
18 -40.4807725857
19 -40.2694007692
20 -39.839413234
21 -39.7464823966
22 -39.0917048669
23 -38.591609298
24 -38.4648828023
25 -37.8292363394
26 -37.4309646149
27 -37.2122040086
28 -36.607846537
29 -36.5398771057
30 -35.9595175559
31 -35.8757221253
32 -35.0682679777
33 -34.9383084834
34 -34.281806337
35 -34.0072122474
36 -33.3677575288
37 -33.1493079594
38 -33.0451118587
39 -32.9512300988
40 -32.6191424676
41 -32.191329013
42 -31.9373449442
43 -31.5381056575
44 -31.4462853751
45 -31.243563183
46 -30.9862089895
47 -30.7880113694
48 -30.416681099
49 -30.2634499911
50 -29.5980005337
51 -29.4633739655
52 -29.2345840871
53 -28.9099551586
54 -28.7802625063
55 -28.6355743843
56 -28.2588499506
57 -28.0230177204
58 -27.9763368199
59 -27.79835773
60 -27.5819416237
61 -27.3418987199
62 -26.9880469467
63 -26.6595239843
64 -26.4009739112
65 -26.2536026636
66 -25.9823795324
67 -25.7355878287
68 -25.6534843964
69 -25.1732597952
70 -24.8861017524
71 -24.7678081308
72 -24.5078182262
73 -24.4383232446
74 -24.0516806968
75 -23.8809197447
76 -23.6370766721
77 -23.4307359203
78 -23.3031835836
79 -23.2969882916
80 -23.1396141393
81 -22.7508091719
82 -22.5803842692
83 -22.4691587483
84 -22.4336443549
85 -22.3261495477
86 -22.1456155565
87 -21.8451314697
88 -21.6630916572
89 -21.6081019354
90 -21.5756837461
91 -21.5441366768
92 -21.271770359
93 -21.05893849
94 -20.8783635291
95 -20.7630395023
96 -20.6754586478
97 -20.56469718
98 -20.39396142
99 -20.2741310938
100 -20.2246042978
101 -20.1879366893
102 -20.1342479058
103 -20.0075695456
104 -19.8736206032
105 -19.6969527185
106 -19.4401825296
107 -19.2943523865
108 -19.205498324
109 -19.143013056
110 -19.1405848139
111 -19.0297307952
112 -18.8227334351
113 -18.8144589209
114 -18.7253488859
115 -18.6807002603
116 -18.6010594095
117 -18.5007590088
118 -18.4579344114
119 -18.3784415556
120 -18.2714399524
121 -18.2520686703
122 -18.1416218139
123 -18.028589811
124 -17.8812191475
125 -17.8417348706
126 -17.8195578014
127 -17.763575904
128 -17.7002790584
129 -17.6962134365
130 -17.6063079223
131 -17.5633101998
132 -17.5051362604
133 -17.4749222479
134 -17.4412151322
135 -17.3444312041
136 -17.3230576452
137 -17.2824357618
138 -17.2802331739
139 -17.233164155
140 -17.2148602434
141 -17.1455285048
142 -17.1374252615
143 -17.0938894323
144 -17.0769626801
145 -17.0050159755
146 -16.9348499541
147 -16.9219626536
148 -16.8945502144
149 -16.8236331685
150 -16.7940532175
151 -16.7940532175
152 -16.7567398502
153 -16.7345292482
154 -16.7284189624
155 -16.7005810484
156 -16.6925512774
157 -16.6925512774
158 -16.6346313318
159 -16.6168019332
160 -16.6098966017
161 -16.5937971642
162 -16.5934362141
163 -16.5920024319
164 -16.5612450103
165 -16.5612450103
166 -16.5612158048
167 -16.5466842421
168 -16.5466821951
169 -16.5466821951
170 -16.5466577014
171 -16.5229837739
172 -16.5191352469
173 -16.494673777
174 -16.4894665255
175 -16.4842652904
176 -16.4827577258
177 -16.4776684147
178 -16.4776666256
179 -16.4745490627
180 -16.4596564431
181 -16.4406887764
182 -16.4079249822
183 -16.4054456097
184 -16.4024400878
185 -16.3722393812
186 -16.3602226141
187 -16.3522508242
188 -16.3394160151
189 -16.3281498454
190 -16.3231794818
191 -16.3197476518
192 -16.3159822906
193 -16.3153407861
194 -16.3153396341
195 -16.3144610954
196 -16.3122453847
197 -16.3118951621
198 -16.3118950895
199 -16.31182704
200 -16.3117419927
201 -16.3117195166
202 -16.3117174518
203 -16.3117174518
204 -16.3117027382
